-67.814873
-68.019547
-68.859558
-67.599594
-66.989670
-65.746193
-65.910347
-68.106445
-65.891556
-67.686562
-66.040123
-68.135803
-69.814392
-67.043716
-66.695381
-67.054611
-67.399895
-68.116104
-67.913033
-65.448235
-67.098717
-65.265480
-67.030815
-68.806618
-66.515831
-67.542511
-67.390869
-67.539215
-69.191757
-67.509193
-67.177582
-66.583679
-65.758743
-67.111046
-68.014259
-66.164276
-66.170135
-68.215355
-69.169777
-67.624825
-66.455055
-68.124794
-66.568504
-66.754486
-68.900970
-67.294899
-68.274078
-68.157089
-66.113258
-67.949295
-67.327431
-67.303047
-68.410065
-67.194374
-68.477371
-68.548988
-66.601440
-66.357155
-67.719933
-67.667610
-69.857239
-66.437546
-66.946281
-69.389252
-67.330711
-66.556366
-65.789795
-68.937042
-68.067551
-68.314529
-66.892181
-67.361992
-67.003593
-47.903057
-38.807968
-33.518414
-31.810318
-30.820904
-31.534645
-31.250837
-35.079212
-37.322079
-39.567200
-43.989956
-46.012924
-44.088993
-36.511898
-28.650909
-27.414349
-31.478239
-36.145191
-37.442707
-35.301350
-31.171541
-29.228785
-29.425264
-30.183702
-30.013634
-28.836975
-27.984167
-28.250803
-28.415342
-28.907043
-28.369175
-28.768417
-28.767372
-28.481640
-29.791414
-27.658005
-28.830742
-30.820774
-32.076969
-31.886833
-31.875856
-34.972710
-34.688702
-33.417881
-34.388187
-35.011517
-35.597649
-37.814770
-41.006348
-45.146374
-43.703392
-48.511116
-52.496159
-62.018898
-59.912205
-52.663879
-56.388695
-53.082787
-49.632885
-49.260895
-46.213997
-43.677368
-42.790344
-42.378716
-44.253197
-40.498734
-33.456684
-28.474892
-30.856140
-30.601627
-30.299280
-30.950853
-34.215111
-37.266335
-39.653728
-42.956909
-43.814289
-47.535191
-53.602058
-49.869602
-45.413464
-39.181824
-34.579857
-32.782200
-31.784935
-31.576656
-31.110229
-30.590260
-30.061911
-31.287249
-33.443546
-35.340511
-35.651360
-35.182243
-34.614079
-34.240799
-35.038670
-35.287125
-37.553989
-38.584934
-41.218636
-43.658890
-43.068996
-44.942917
-47.145100
-47.553791
-53.214561
-60.358654
-62.791252
-60.859978
-56.444099
-56.587532
-58.221092
-66.475220
-67.193581
-66.170662
-68.175812
-68.758484
-69.492149
-70.894814
-67.654335
-67.988098
-70.023796
-68.298958
-68.754883
-69.949699
-67.219887
-69.873901
-68.850044
-69.085815
-70.295181
-70.187218
-70.379875
-68.962051
-69.786392
-68.380188
-69.047279
-68.633240
-69.223984
-68.892738
-69.177299
-69.373909
-68.726883
-69.960205
-69.691650
-68.083138
-71.220467
-68.786499
-69.378502
-69.952454
-67.997330
-69.243690
-68.570404
-67.866379
-67.521889
-68.013458
-68.980003
-68.026115
-69.407738
-68.012978
-67.694885
-62.942593
-51.603695
-36.167671
-32.258099
-36.928715
-39.567451
-35.358753
-33.451214
-33.740143
-34.476578
-33.809948
-35.760433
-39.763603
-42.504856
-44.740314
-49.837421
-49.257008
-50.097828
-50.425133
-46.273022
-52.546318
-56.145454
-61.093369
-65.045441
-68.118065
-68.709755
-60.780922
-59.198708
-46.353882
-32.402660
-30.273798
-31.551319
-37.224010
-39.330910
-45.170467
-50.188522
-46.398033
-48.009090
-50.360813
-52.451065
-52.231571
-45.182938
-32.908085
-29.187046
-30.916739
-30.213177
-29.416164
-32.506729
-31.341396
-29.004515
-29.773872
-29.550436
-30.650198
-31.510767
-31.530540
-32.411831
-33.301113
-34.705589
-34.728157
-37.647053
-41.019531
-42.014950
-41.292850
-41.928619
-43.802139
-46.196209
-49.602821
-53.490143
-51.211197
-54.415146
-58.926563
-65.444962
-67.693398
-66.788986
-68.307335
-68.489311
-67.201538
-69.238594
-70.585815
-66.325584
-68.477905
-68.408310
-67.695923
-67.808609
-66.924309
-69.673088
-69.071709
-66.928917
-66.270073
-69.888908
-67.590729
-68.416901
-67.114296
-69.475319
-67.434761
-69.402008
-68.276123
-66.793694
-66.398216
-65.696449
-67.185112
-55.083839
-46.582932
-40.795738
-40.808464
-42.161816
-43.259232
-45.492054
-44.460396
-43.441288
-45.338840
-46.360275
-46.601479
-44.882389
-47.446053
-44.758736
-48.712147
-41.370739
-35.460403
-33.872639
-34.582367
-35.913425
-39.225918
-42.504211
-41.899395
-42.953510
-41.746670
-41.412933
-41.556507
-45.688541
-49.496506
-55.309338
-55.772549
-43.505920
-36.704582
-36.810947
-36.580978
-35.876945
-35.696022
-35.808712
-35.326210
-35.265774
-37.052773
-38.189251
-37.416183
-40.384716
-43.413147
-45.016212
-45.525444
-44.621719
-47.057640
-51.146492
-56.639835
-58.846848
-58.091484
-42.758926
-47.313774
-43.539047
-47.748524
-41.485077
-35.715706
-38.750481
-37.365372
-38.667706
-38.442451
-40.258030
-41.845745
-41.828491
-42.421688
-42.663315
-43.217934
-43.702477
-42.489552
-43.544121
-43.230579
-43.495800
-44.853065
-46.504772
-45.239136
-49.543098
-50.207687
-52.890320
-52.378609
-55.010391
-57.452553
-58.509945
-61.316780
-66.287140
-67.054352
-68.729149
-68.329308
-67.471603
-66.392815
-66.888229
-66.744438
-67.628632
-65.973999
-66.756401
-68.539406
-68.226601
