2012.578613
1710.691772
1509.433960
2113.207520
1157.232666
1660.377319
1761.006348
1761.006348
1358.490601
1660.377319
1610.062866
2113.207520
1962.264160
2062.893066
2012.578613
1308.176147
1559.748413
2113.207520
1811.320801
1257.861694
1006.289307
1207.547119
2113.207520
1308.176147
1459.119507
1559.748413
2113.207520
1761.006348
1811.320801
1509.433960
1509.433960
1056.603760
1710.691772
1660.377319
1207.547119
1408.805054
1106.918213
1861.635254
1962.264160
1459.119507
1408.805054
1408.805054
1408.805054
1459.119507
1660.377319
1761.006348
2062.893066
1559.748413
1559.748413
1559.748413
1911.949707
1610.062866
2314.465332
1962.264160
1459.119507
1811.320801
1559.748413
905.660400
1308.176147
2163.521973
2113.207520
1408.805054
1559.748413
2113.207520
1408.805054
1559.748413
1056.603760
1811.320801
1610.062866
1459.119507
1308.176147
1610.062866
1459.119507
603.773560
251.572327
301.886780
503.144653
503.144653
402.515717
452.830200
452.830200
301.886780
503.144653
352.201263
402.515717
251.572327
352.201263
301.886780
301.886780
301.886780
301.886780
402.515717
704.402527
402.515717
402.515717
301.886780
301.886780
301.886780
251.572327
603.773560
402.515717
452.830200
553.459106
553.459106
603.773560
654.088074
553.459106
503.144653
603.773560
704.402527
603.773560
905.660400
603.773560
805.031433
402.515717
452.830200
201.257858
251.572327
201.257858
150.943390
251.572327
301.886780
402.515717
301.886780
603.773560
603.773560
905.660400
855.345886
251.572327
352.201263
352.201263
150.943390
251.572327
301.886780
150.943390
150.943390
100.628929
402.515717
301.886780
402.515717
402.515717
452.830200
452.830200
503.144653
503.144653
503.144653
352.201263
352.201263
251.572327
301.886780
402.515717
402.515717
402.515717
100.628929
201.257858
150.943390
301.886780
402.515717
201.257858
301.886780
301.886780
301.886780
301.886780
503.144653
301.886780
402.515717
553.459106
503.144653
452.830200
452.830200
603.773560
603.773560
603.773560
503.144653
603.773560
754.716980
855.345886
352.201263
301.886780
201.257858
1056.603760
754.716980
603.773560
402.515717
150.943390
553.459106
1257.861694
1408.805054
1559.748413
1911.949707
1559.748413
1962.264160
1710.691772
1761.006348
1408.805054
1358.490601
1509.433960
1308.176147
1358.490601
1257.861694
1308.176147
1459.119507
1408.805054
1962.264160
1106.918213
1911.949707
1459.119507
1408.805054
1459.119507
1911.949707
1106.918213
1861.635254
1157.232666
1610.062866
1056.603760
1056.603760
1408.805054
1207.547119
1459.119507
1962.264160
1710.691772
1660.377319
1861.635254
1358.490601
1358.490601
1710.691772
1106.918213
1660.377319
1056.603760
1257.861694
1861.635254
1559.748413
855.345886
1408.805054
1308.176147
503.144653
301.886780
553.459106
402.515717
654.088074
402.515717
452.830200
805.031433
603.773560
704.402527
704.402527
402.515717
402.515717
452.830200
553.459106
503.144653
402.515717
402.515717
1308.176147
704.402527
855.345886
704.402527
1459.119507
1861.635254
1257.861694
1761.006348
2767.295654
452.830200
402.515717
553.459106
503.144653
603.773560
402.515717
503.144653
754.716980
503.144653
402.515717
1811.320801
805.031433
704.402527
654.088074
503.144653
654.088074
452.830200
805.031433
503.144653
905.660400
603.773560
603.773560
503.144653
452.830200
352.201263
352.201263
402.515717
503.144653
452.830200
603.773560
452.830200
301.886780
452.830200
352.201263
402.515717
301.886780
301.886780
50.314465
402.515717
402.515717
402.515717
553.459106
654.088074
955.974854
1056.603760
603.773560
1610.062866
1257.861694
855.345886
1207.547119
2364.779785
1157.232666
1509.433960
1358.490601
1006.289307
1207.547119
1106.918213
2113.207520
1610.062866
1660.377319
1358.490601
2314.465332
1811.320801
1056.603760
1207.547119
1308.176147
1710.691772
2012.578613
1559.748413
1861.635254
2113.207520
1610.062866
2314.465332
1106.918213
704.402527
402.515717
603.773560
402.515717
603.773560
1559.748413
2465.408691
2666.666748
2817.610107
2666.666748
3220.125732
2716.981201
3773.584961
3572.327148
2666.666748
1157.232666
402.515717
503.144653
352.201263
301.886780
402.515717
1106.918213
3220.125732
3572.327148
4377.358398
4377.358398
4226.415039
3119.496826
2666.666748
2465.408691
1861.635254
402.515717
201.257858
201.257858
301.886780
201.257858
301.886780
301.886780
603.773560
503.144653
402.515717
503.144653
603.773560
352.201263
301.886780
352.201263
301.886780
301.886780
251.572327
352.201263
352.201263
805.031433
905.660400
905.660400
654.088074
553.459106
553.459106
301.886780
704.402527
704.402527
553.459106
603.773560
704.402527
805.031433
352.201263
402.515717
352.201263
50.314465
201.257858
150.943390
301.886780
352.201263
150.943390
50.314465
100.628929
251.572327
201.257858
50.314465
100.628929
100.628929
50.314465
251.572327
402.515717
50.314465
452.830200
654.088074
905.660400
1308.176147
855.345886
1207.547119
1207.547119
1006.289307
805.031433
1408.805054
955.974854
1006.289307
704.402527
1056.603760
